val_mse = [19459.118512094912, 20480.69317078796, 19231.65967744859, 19878.29032612543, 19876.06856607723]
mean_mse = 19785.17
std_mse = 427.4
val_mae = [97.0790141564318, 99.17949332009245, 96.16748180140905, 96.60728485596319, 95.52213782909259]
mean_mae = 96.91
std_mae = 1.24
val_r2 = [-0.7982752523486247, -0.8143846499519614, -0.7840908490239447, -0.7522411488321614, -0.7192373447691272]
mean_r2 = -0.77
std_r2 = 0.03
dur_sep = [18.11 17.11 17.41 16.87 17.62]
dur_total = 93.14
dur_total2 = 87.13
