val_mse = [3953.86, 4415.74, 3718.95, 4336.32, 4666.61]
mean_mse = 4218.296
std_mse = 338.577
val_mae = [40.87, 40.47, 40.72, 41.07, 41.4]
mean_mae = 40.906
std_mae = 0.315
val_r2 = [0.63, 0.61, 0.65, 0.62, 0.6]
mean_r2 = 0.622
std_r2 = 0.017
dur_sep = [1.5810868740081787, 1.7459993362426758, 1.6210713386535645, 1.689011573791504, 1.7889742851257324]
dur_total = 9.49
dur_total2 = 8.426
